47.13085456039441
54.465949119373775
49.786189683860236
46.89370078740158
38.87463677874637
37.33496223900489
44.29699738903394
39.099567099567096
38.408982983775225
50.191714053614945
36.26831544563696
42.03758591065292
43.05494746059545
49.38879633486047
60.44083724903887
48.64820490367776
54.5468364831553
57.18135662063363
53.91677733510403
51.71895808852331
52.14878579195361
49.063407550822845
46.89204545454545
56.366201972118326
56.41713091922006
52.75170881749829
42.122062434233605
48.71288244766506
53.345908786049634
47.429633300297326
