75808
72347
66108
69037
60943
59806
58095
58394
65742
57985
53027
63442
58887
62101
53471
53589
49087
56928
55837
56714
50570
53448
53080
66351
48118
61083
60408
63289
63624
49895
53283
43673
54181
55948
63577
55359
53595
45899
51614
56276
53613
41658
51403
49254
51198
46192
48049
52816
43499
42741
41826
41438
50864
40886
46415
50754
60141
51743
42729
62860
56723
52363
35977
53512
41105
63201
40672
52248
52658
45109
46044
41207
49180
43010
50448
40115
47446
65105
49978
45957
42780
44912
40912
41864
35685
37484
37977
33720
38652
32603
35838
31491
38950
30419
29712
38159
38750
37254
42686
47878
