842658.0
805737.0
715335.0
686421.0
606072.0
635235.0
553942.0
537816.0
717928.0
584417.0
491838.0
664658.0
621460.0
744923.0
546697.0
538412.0
425900.0
603889.0
572498.0
547402.0
474833.0
561614.0
530082.0
643698.0
466649.0
681306.0
666435.0
686019.0
743788.0
479638.0
583386.0
427518.0
591219.0
608916.0
712879.0
617571.0
540167.0
410354.0
534166.0
605613.0
543113.0
404710.0
573811.0
488516.0
515842.0
480408.0
489503.0
546287.0
378759.0
376894.0
348659.0
352885.0
483191.0
355232.0
416921.0
512068.0
735594.0
559631.0
417999.0
762797.0
625721.0
608384.0
270919.0
585338.0
382627.0
744361.0
318763.0
528832.0
609873.0
472601.0
450077.0
379028.0
527233.0
390810.0
472129.0
329039.0
446891.0
754159.0
535843.0
485630.0
371697.0
418089.0
384203.0
359728.0
258252.0
304898.0
326513.0
254869.0
326698.0
240889.0
270938.0
232459.0
313369.0
200185.0
186077.0
330314.0
306170.0
301632.0
393297.0
427971.0
