229433
249374
224633
210908
194067
217260
185528
183336
233453
197200
171001
219358
198566
219333
184259
182019
157345
214505
199005
190517
171153
196214
187223
196407
175891
227357
218483
227044
241237
175606
194500
163162
209431
212729
234501
214645
190293
160253
188792
206452
191175
156337
203575
179733
188691
179215
175506
189365
145991
156532
143881
140853
175850
149204
162846
183629
244513
201101
161931
255004
220604
212740
125570
206424
152895
242990
143277
197039
211651
182177
175929
153923
189282
156141
180137
147569
168518
243856
196507
176959
155849
162468
157804
150103
125761
132959
139871
121523
144137
117959
128963
114857
137253
105858
104835
142572
138361
140430
161754
172067
