-40510
-30796
-35249
-37664
-29956
-15688
-20284
-19937
-31891
-16756
-21880
-19221
-25969
-28922
-20992
-22981
-14185
-14274
-18699
-23316
-14813
-19221
-14133
-37357
-10329
-18026
-9662
-8495
-15992
-9763
-19997
-7128
-12231
-13540
-14521
-6476
-17608
-13115
-14309
-12786
-10449
-10244
-13978
-10556
-6583
-10089
-12869
-11842
-14236
-10372
-9957
-11761
-15254
-5933
-8696
-6671
-9329
-10207
-12230
-7119
-8921
-6653
-5904
-7030
-12210
-5993
-6895
-9485
-5791
-11848
-7678
-9071
-11894
-8458
-7273
-8499
-13909
-5062
-8845
-10313
-5657
-6907
-6859
-8560
-8767
-11486
-8587
-6128
-7437
-5304
-7425
-5960
-5701
-4947
-4029
-4788
-4776
-5793
-3983
-2397
