75808
66283
70007
65112
56344
66740
49942
62678
71113
60743
66898
60419
59973
52650
58032
64615
64323
57695
61258
67253
65551
67267
63112
54523
65661
65057
64664
54595
63820
61992
59506
57703
59496
65021
45999
70142
58398
61374
50775
57002
62609
65140
58186
50392
62937
48389
55173
50220
51490
57232
48723
66321
60577
62558
53659
56831
57636
49811
65158
61027
62030
52864
51293
54242
54597
51066
56186
56815
55961
48402
61228
58012
50949
58186
63149
51377
50863
54832
60051
57384
49455
43676
50639
52719
51350
59904
56993
55760
55036
62591
56945
58773
65031
50942
48768
51247
57821
64936
44530
58343
52890
63914
46390
61490
52972
53423
54232
55853
42793
44454
50123
46907
51929
44778
60128
64789
48594
53481
60121
47623
63545
55085
59144
60096
47840
43957
52274
39608
44877
57628
56734
48367
56840
63359
52470
59514
47292
64471
41179
53377
47959
40791
52840
45524
43864
46154
56250
70770
56747
68698
56444
45439
40371
47400
47860
48273
55025
59430
65236
60718
67007
56275
70669
63955
44697
64245
61291
51509
71285
51723
59699
57275
64673
67193
73859
87769
68438
83705
71002
67714
72205
45854
66749
64257
61835
54300
68581
63069
73265
71561
67049
58345
61579
70505
55826
74124
79739
76067
73157
75103
69803
65536
66155
77160
67154
65333
62454
75782
73002
83470
76013
77266
80313
71861
88002
63418
67432
59391
64949
61653
60729
58429
60802
66539
65315
59332
59723
58225
57723
57732
62946
56089
61804
63688
62129
62536
61735
69617
69748
54846
69489
59800
59923
64219
68765
65622
66776
67438
65979
68859
