-40510
-34881
-34819
-33139
-22966
-28250
-16958
-26568
-36442
-27987
-33172
-28482
-30971
-16136
-24142
-28265
-29162
-27460
-24404
-27741
-20192
-34268
-34587
-21834
-28601
-25527
-37435
-24781
-27091
-35575
-19109
-24318
-20311
-27389
-15740
-39754
-19226
-25208
-14107
-14640
-18355
-28197
-18239
-9860
-13971
-18820
-12980
-18322
-22545
-19194
-14881
-13877
-19993
-6612
-21568
-18741
-28877
-13913
-12836
-22161
-15850
-20138
-18363
-9503
-12481
-10540
-14347
-8646
-13124
-9841
-18450
-19633
-12143
-10196
-24504
-12374
-16149
-10250
-21281
-20263
-13252
-11468
-13645
-13745
-19141
-11331
-15814
-16223
-13121
-10150
-11818
-17452
-7360
-12964
-12548
-19080
-15901
-21866
-10606
-18337
-12160
-12930
-6472
-8043
-9018
-9620
-8381
-12215
-13782
-8025
-8842
-10261
-11200
-15112
-12084
-5170
-10705
-12419
-8437
-10305
-5871
-8683
-12118
-11340
-17614
-11340
-11238
-11849
-11759
-12288
-4631
-9840
-9245
-12314
-19023
-11472
-11633
-5608
-8566
-8009
-8625
-8540
-8341
-15306
-8097
-7323
-12167
-9850
-7072
-8083
-5597
-10337
-7215
-11427
-6419
-5689
-5680
-6789
-6828
-14686
-11614
-11916
-5634
-10320
-10131
-20302
-22705
-15805
-16194
-10675
-7450
-8352
-5629
-3381
-18877
-28630
-6419
-46280
-22352
-11585
-24610
-12073
-5142
-6894
-11599
-8271
-4451
-4427
-4303
-2995
-7042
-9396
-6301
-6742
-14696
-15582
-12268
-4453
-17960
-21105
-12802
-4311
-8208
-9328
-6487
-12601
-22450
-30505
-5441
-18471
-22889
-21996
-23991
-36613
-64790
-7323
-8710
-8575
-9699
-9546
-7272
-7138
-4905
-7727
-9821
-6041
-6625
-4948
-5442
-3442
-3931
-4339
-12742
-6505
-6205
-3223
-6005
-5517
-5764
-2190
-10120
-1762
-4855
-6696
-2739
-2357
-2200
-2343
-8018
-3549
