47.13085456039441
44.462460063897765
47.47265288544358
38.68698578908003
38.676362803481446
49.288695299837926
37.815871600535
42.504372540446
46.202143663031215
42.56620065789474
42.592493847415916
39.484394506866415
40.03846153846154
39.37986425339366
40.35907744392721
43.60688935281837
46.79065606361829
37.58050847457627
45.12540716612378
44.772451193058565
49.63086956521739
39.84089116719243
41.387435592548556
39.06438053097345
45.85033305578684
43.23008455718736
43.34855581576893
38.202719665271964
42.304563492063494
40.47972211791213
46.04822790489008
43.036429484448234
43.30531914893617
40.605714285714285
35.88494575045208
44.305408702724684
41.69736842105263
43.742035581299135
41.3077430708315
45.245235934664244
46.28151260504202
45.3828297715549
45.03514938488576
41.521697203471554
50.415128320576315
35.41482649842271
43.50525624178712
37.941879983214434
37.103939647946355
43.054485866448175
38.87004012483281
52.104742268041235
45.923342822285484
52.51779935275081
38.62978198272316
41.68578178694158
43.12552565180824
40.80542226487524
52.17173524150268
46.734255319148936
47.89430187037843
40.22437854339294
40.52935779816514
46.545558608058606
45.85609334485739
41.06814814814815
45.149247491638796
49.791777188328915
45.03700234192038
40.665219378427786
48.9203056768559
42.383613074204945
42.85863095238095
46.42389418907199
47.62458881578947
41.97258612324114
42.19995571302037
45.03086135421465
45.55560064935065
43.57110609480813
39.2837528604119
35.44128440366973
41.05196565747853
40.42588343276732
40.116753678215474
49.05921052631579
41.877992440151196
44.874778368794324
43.75984752223634
51.82277943051424
46.834170854271356
48.64236261358719
56.46481178396072
42.19322459222083
40.469086021505376
43.55299105040038
47.81595477386934
49.670686070686074
36.387938596491225
45.18207739307535
44.14180816888481
51.85704387990762
37.21527117031399
53.80380313199105
45.522202084277296
46.19518235029266
42.94542401343409
46.35696148963182
36.10728836577637
38.303376365441906
42.258529020824106
40.088344125809435
42.36523526724532
34.98864163189615
49.146341463414636
55.00387763894873
39.83038411739318
43.61515281962979
52.788325991189424
40.23547951373255
53.12231848184818
46.33977900552486
50.90957665433621
51.0415404586759
39.48180947821924
36.97510874818753
44.288443830570905
32.02316602316602
36.59742054352833
46.56815286624204
50.86524334251607
41.9063055062167
50.127609714529186
52.89181957186544
40.34772182254196
48.72306743421053
38.13649914821124
55.90574088440652
34.85794074793589
45.287195671776374
41.05888989169675
35.35382716049383
46.27704774419623
37.77491408934708
37.93720038350911
39.96708746618575
46.07117153138744
58.84295612009238
49.21581654522075
57.05553335996804
48.81974050046339
39.13931386184515
36.82351566152408
40.04484772632457
40.45984215413185
40.83669638667293
46.88924930491196
53.22449888641425
56.63104524180967
45.90837438423645
55.60901975400671
47.45822994210091
60.12603215993047
52.98440931049627
36.82450765864333
50.04608467590858
45.21957123098202
41.95040965933592
53.12406271301977
43.978476108480415
49.787964989059084
50.29064147627417
55.32465923172243
59.52371987951807
53.79651879235983
59.29762924878606
57.10350615441999
45.88088445078459
50.44895736072207
54.881278538812786
49.38787085514834
34.66304347826087
59.11555829228243
56.180416202155335
49.935685347738016
48.523857662757784
61.283815028901735
56.24166666666667
63.8486574450773
62.154738878143135
57.578527815468114
51.209057971014495
53.87538045316199
61.965406562054206
42.84692849949648
52.94253454668015
57.254395604395604
63.09200922013062
52.94227973248037
55.69837653090288
55.21980600750938
57.7481301421092
57.27674339878131
57.152563642882754
60.20302547770701
50.84064821066847
43.558218076551945
50.28383780696745
60.79232386961094
61.311554921540655
57.28888888888889
55.6516276413478
58.943350456621005
45.023965763195434
41.13553270494145
55.576205561422036
56.329787234042556
52.775533290239174
53.5994406463642
54.53177314656645
47.953918495297806
52.94082633053221
52.50674342105263
55.97872680742162
56.24276687728633
55.521892893230046
48.71774445485786
52.35131621709457
51.748169372811205
52.88923737206999
57.89503881201485
51.78092697565855
48.82122730118973
58.69274560832791
54.49633524537922
56.15142378559464
56.00219668807029
52.69977206121784
56.26753507014028
51.98451327433628
49.23660108548168
50.06814641744548
52.88725490196079
55.7640290037831
60.174013508709564
56.82057597574839
58.081370061616525
60.575238431649595
45.065211187214615
60.636489767603194
