42.215821812596005
41.164490311710196
40.0536283891547
40.029513223457265
43.64155942467828
42.77092690894243
51.71918706293706
44.97996589940324
49.91041500399042
44.716324710080286
40.969051446945336
41.6101068200493
44.79233700254022
44.62728009728415
36.37642045454545
45.07876573284612
44.26720736519071
39.469391947411665
43.80317740511915
39.77890070921986
45.310936916759985
48.44930875576037
38.628819934179596
41.4134693877551
39.427403846153844
37.58106267029973
50.48950251026928
40.0110847189232
38.556229096989966
44.945733041575494
